200
2638 3786 4371 6343 2919 3323 4995 3914 368 5844 6299 4411 6677 7132 656 2842 4227 2828 3855 1957 3615 39 6359 2156 1729 1385 9908 7395 2562 2705 2996 5200 6491 7367 1542 9409 689 6536 3322 1056 2380 9620 5466 9057 6752 6122 1898 978 8949 5752 2935 2564 5791 9294 4720 7519 678 4628 4914 3239 7332 7909 8439 3822 5275 9980 3231 5964 6516 6552 7019 8896 6172 2485 7952 2924 8606 9849 3901 7555 5601 6836 119 1391 6129 4838 8910 6806 9465 3823 45 6797 1732 8483 619 7007 8463 3849 2970 4978 401 9988 3873 6572 2473 1825 9495 1079 1673 3396 8633 7274 231 8752 8664 6360 3589 7574 3165 3054 1396 3210 9850 3128 1692 468 134 155 4316 3103 5133 4716 3090 9006 1288 5563 830 783 6641 2503 4179 5274 9776 4409 4025 8440 769 7614 6013 3933 667 7409 7142 516 536 8834 984 669 8988 5300 3771 4121 16 6861 3126 1303 2423 3955 2086 9064 6458 6264 4337 6233 673 8362 4672 1441 5975 685 5373 6641 8093 2515 7157 8629 1349 8140 9297 337 3439 3068 4457 3454 9929 7582 4757 2351 1537 6842












